2022-05-26 16:51:18.024895
2022-05-26 16:51:31.149732
2022-05-26 16:51:40.764895
2022-05-26 16:51:51.408215
2022-05-26 16:52:04.136582
2022-05-26 16:52:14.840730
2022-05-26 16:52:25.127268
2022-05-26 16:52:36.870106
2022-05-26 16:52:49.496432
2022-05-26 16:52:58.692893
2022-05-26 16:53:12.017869
2022-05-26 16:53:25.276098
2022-05-26 16:53:35.521580
2022-05-26 16:53:47.718376
2022-05-26 16:53:59.909769
